	A	B	C	D	E	F	G	H	I
A	0.0	546.085	434.11	200.01999999999998	1047.448	1200.284	247.96100000000007	1626.187	918.252
B	546.085	0.0	276.34000000000003	745.3219999999999	526.576	654.1990000000001	298.124	1105.315	372.167
C	434.10999999999996	276.34	0.0	468.98199999999997	613.3380000000001	930.539	186.892	1192.0770000000002	628.993
D	205.135	718.982	442.64200000000005	0.0	883.8140000000001	1373.181	453.09600000000006	1462.5529999999999	1018.2650000000001
E	1070.2369999999999	524.1519999999999	650.6519999999999	947.4679999999998	0.0	1178.3509999999999	822.2759999999998	578.739	607.509
F	952.1119999999999	668.653	682.367	1151.349	1195.229	0.0	704.151	1773.9679999999998	1040.82
G	247.96099999999998	298.12399999999997	186.892	447.981	800.23	952.323	0.0	1378.969	670.2909999999999
H	1171.2699999999998	625.185	751.685	1048.501	101.033	1279.384	923.3089999999999	0.0	708.5419999999999
I	918.2519999999998	372.167	628.9929999999999	1044.6049999999998	609.933	1026.3659999999998	670.2909999999999	1188.672	0.0
